3.513927 9.796987
4.613911 9.614531
0.098671 7.007942
5.074807 8.768103
0.552435 9.945649
0.145895 9.372697
2.896933 8.696703
1.754430 9.185308
4.193350 8.727767
5.024001 7.670014
1.232314 8.975426
4.977646 9.669213
6.087593 9.703527
3.025085 9.442282
3.702880 9.940779
4.673165 8.926914
5.269728 9.109022
6.074224 9.308405
0.689906 8.416421
4.097545 8.865335
4.397492 9.748595
2.835585 9.606599
4.331522 9.853284
0.775843 9.980698
1.729350 6.796808
1.580060 8.568636
4.168554 9.765354
2.701888 8.863625
2.260842 9.628026
4.343915 7.153830
1.185473 8.479126
5.710267 8.597780
3.103291 8.204714
2.938890 8.773738
2.864390 8.336282
4.859090 9.099897
2.476415 9.091967
0.553834 9.868188
3.432404 9.328140
4.055750 8.322811
4.802632 7.649420
5.761409 9.333806
1.679487 9.962242
3.417910 9.496464
0.207746 9.681259
2.606598 9.217036
6.090606 6.022921
4.715965 8.821338
5.579922 9.069075
0.987547 9.665120
0.316731 9.938171
5.898062 9.985329
4.783114 8.089980
1.552836 9.410566
5.706320 9.131747
5.092134 8.402716
2.911318 9.875753
5.806446 9.835298
1.718689 7.416707
0.815153 8.667673
5.465049 7.511579
1.868371 9.703459
4.221894 8.565718
2.237508 9.644351
5.096669 8.920367
0.431180 9.626278
2.931915 9.647982
5.649826 9.452850
1.129714 8.645036
1.146192 9.646567
0.132301 9.371734
2.976082 6.090883
1.378048 9.660266
1.839818 9.978226
5.068964 9.800850
1.539685 8.807976
1.308023 8.521093
0.066412 9.717683
4.151147 9.819643
2.731426 8.347712
2.082134 9.931603
3.344796 9.232863
4.975948 9.539881
6.252340 9.663222
1.367959 9.277207
5.173205 8.611654
3.790409 9.810467
4.729072 9.958412
2.428965 9.217228
4.893177 9.574915
0.748897 8.659256
3.267568 9.438064
0.650747 9.931267
2.548698 9.609870
1.230615 7.697753
2.938806 7.240302
0.739077 9.726334
0.770883 9.281682
0.106519 9.764133
0.523704 6.204113
4.047059 8.713467
5.901459 9.142193
3.981325 8.012013
2.361444 7.288204
4.221497 9.260609
2.724355 9.901857
0.373074 9.052541
4.787267 9.922230
3.678572 7.876242
2.430232 8.273945
5.504202 9.293286
0.939672 9.019202
0.351586 7.823465
3.628975 9.377550
5.304884 7.759308
3.576997 9.763769
2.930498 8.934675
6.141731 9.649639
2.384339 9.630966
1.496771 9.488592
1.638932 8.401510
5.075791 9.413829
5.804807 9.511941
1.722077 9.464458
5.680708 8.683054
3.740422 8.618710
4.426763 9.140571
1.955535 9.629719
2.105161 9.396843
4.687842 9.731397
1.921901 8.182578
4.459017 7.832218
2.976803 9.208282
1.120013 4.828247
3.043612 8.801915
4.131835 9.985225
5.938882 8.722537
2.577443 9.628578
2.193481 9.648243
3.126378 9.608963
6.132546 9.753994
2.502535 9.614732
5.189945 9.443483
3.362033 9.839171
0.144301 9.867809
0.593411 9.799789
1.920325 9.387004
3.980018 7.887110
5.607190 6.368628
5.199719 9.493005
2.652627 9.293329
3.102579 7.983263
2.870502 9.564198
2.451053 9.124300
4.875002 8.894261
1.915840 8.838941
0.597338 9.905420
0.455345 9.906364
1.008667 9.853104
2.341299 9.860468
3.733723 9.567752
3.774869 9.536696
1.706417 9.020133
5.581256 9.855595
4.585967 9.685934
0.688473 9.575897
2.065978 6.843296
1.456139 7.687223
5.136695 8.874701
1.107145 6.857508
5.131039 9.662629
1.570794 8.931009
3.676171 8.767867
4.076818 9.682782
4.092576 9.587594
2.851405 8.953819
3.398237 7.878289
2.580183 9.119215
5.474819 8.130589
5.678811 9.675701
2.334674 8.931465
4.195250 9.857388
4.221278 8.880458
0.140842 8.910307
2.380346 9.954005
4.964925 9.957405
3.305334 9.724845
3.589637 8.917851
5.290608 9.917540
2.158879 9.611890
3.656635 8.343988
2.291910 9.231529
3.807469 9.099309
2.194628 9.661500
1.744230 9.951344
4.587357 6.250884
3.695079 9.205606
4.656803 9.864952
6.014276 8.542746
1.777209 9.186760
5.737155 8.985194
5.265396 9.225037
4.242761 9.786515
2.755084 9.660015
5.482289 8.854661
1.374258 9.711921
5.492456 9.617090
0.174683 8.446470
1.845795 8.946099
2.879821 9.583690
5.451087 9.663687
4.007936 7.962205
5.450596 9.602616
2.839993 9.177335
4.177720 9.736590
0.831446 9.717804
4.728681 9.547146
1.026125 9.932725
6.260558 8.997219
5.692907 9.788679
2.369721 9.581476
3.253987 9.750778
2.977682 8.979142
3.753080 6.520405
3.480970 9.524502
4.720221 9.403938
1.775628 6.956329
3.290885 8.497282
2.465171 8.178850
1.050519 9.029040
4.985740 9.571679
3.504136 9.915488
4.839778 8.860087
0.921711 8.036579
5.241489 9.334812
2.307717 9.646355
5.542310 7.758251
5.700981 9.891486
1.833993 8.821908
5.768010 9.973084
1.236169 9.859680
1.509301 9.921231
4.770674 9.157498
4.393493 9.667747
4.544394 9.522457
0.151965 9.113181
3.955426 9.603803
4.940734 8.285951
2.484981 9.305221
4.874796 8.378174
5.309892 9.168644
0.743999 9.467281
3.147111 8.666358
1.871633 9.994410
5.299600 8.176203
2.193682 8.960148
5.544482 9.571225
5.159653 9.472452
4.830438 8.958638
1.045106 8.613401
5.747954 9.031133
4.512415 8.810520
0.294838 9.397711
3.727384 7.565232
1.795687 9.162253
3.716115 8.961931
5.942194 9.086647
2.391255 9.169326
1.544816 9.606443
5.285829 7.473177
5.122248 3.793651
0.414586 9.883406
1.948997 8.386713
3.978532 9.410582
6.228233 7.946898
5.544547 9.946893
1.182161 8.771781
4.388354 5.814394
1.260796 9.319957
3.882734 9.987776
0.072621 9.922105
3.984738 7.931411
4.424939 9.691716
4.342458 9.868394
4.239382 9.516832
1.183285 9.834669
5.919097 9.939367
3.105457 9.918530
1.453238 8.626688
4.862996 9.897498
3.274125 8.969629
3.913298 9.643074
5.984169 9.727552
3.277641 9.931700
0.766763 6.916153
2.461544 9.087347
2.799595 8.521308
1.004651 8.866295
1.612198 9.733663
1.560976 9.141827
5.784614 9.682286
6.218111 6.397198
4.755164 9.430879
6.272942 8.793047
6.057531 7.511781
3.706174 9.416852
2.392101 9.445614
2.059879 9.832232
4.618978 9.383997
2.265792 9.768520
5.154788 7.844853
3.296719 9.675770
4.839156 9.020850
4.075993 9.759030
3.491389 9.843894
2.912487 8.039572
4.894399 9.986580
1.166950 8.697863
0.160981 9.434045
5.368318 7.075002
4.580776 8.955378
3.864155 9.619851
2.950044 9.765885
4.024787 9.017200
0.613907 9.834871
1.655607 7.907707
1.061450 7.997694
5.538974 7.354072
4.452169 7.710580
4.470218 9.404255
5.254617 9.551060
4.249110 9.592219
6.099918 9.686621
4.727506 6.858990
5.006895 8.670806
4.295192 8.770830
5.663468 4.434926
3.763882 9.509916
5.903326 9.050359
2.276494 9.474065
5.091674 8.218371
1.249454 9.472527
4.869833 7.868804
1.060091 9.614418
0.977575 9.987680
6.066945 8.827322
3.550992 8.478376
1.006519 8.566862
4.823024 9.727575
3.299315 6.400217
5.418571 9.283848
4.448344 8.639365
2.967221 9.528136
5.976836 9.990921
5.056448 8.787070
5.286101 9.210330
3.799273 9.851464
4.631455 7.267037
5.415265 9.799365
3.326168 9.247865
1.516561 9.712519
2.404027 8.448650
3.362308 9.047761
2.302268 8.458264
2.690803 9.504796
4.369788 7.555213
4.755883 9.147750
0.490750 9.779279
4.752990 9.253323
2.544276 9.322818
1.726888 9.941184
2.219778 9.880501
2.823586 9.636702
3.098750 8.454780
6.170443 9.670504
2.665656 9.393932
3.473727 9.166053
0.492654 8.302090
1.277366 9.839586
3.772017 7.830133
1.545820 8.253740
6.184385 8.833307
0.491265 9.366756
5.855769 8.658278
2.856301 8.937400
2.841758 5.712271
6.083364 7.624838
1.243906 8.705962
4.308959 9.879859
4.090499 9.911974
4.773945 9.893973
3.036446 9.702777
4.380056 9.630564
4.826168 9.655875
6.210797 8.136026
2.994251 9.284300
3.702939 9.530927
0.102947 9.960814
4.073676 9.922571
3.993055 8.560261
5.250808 8.085163
2.986480 9.223636
4.506074 9.771554
4.065969 9.055187
5.786699 9.303265
4.615178 8.768551
2.660417 9.099872
4.297816 9.190230
5.015837 9.894712
1.117404 9.857184
2.000607 9.519876
3.512944 9.284344
3.694024 9.862068
5.003571 9.737602
3.236673 9.865369
4.499845 9.809087
0.365628 6.942081
2.950645 8.173611
0.570810 9.558727
3.412094 7.720626
4.105535 9.522446
2.515691 4.782062
4.074269 9.291354
5.547988 9.821403
0.063806 9.524021
3.739793 9.606384
5.844165 9.877876
0.724196 9.859641
4.893514 5.594574
2.524156 9.439334
3.655800 6.929246
4.271904 9.964298
1.791008 9.444645
1.633381 9.385414
1.451958 9.333096
4.908179 9.409196
1.860628 9.968299
0.592363 8.988377
5.365391 9.467696
5.914458 8.090115
1.043102 9.362862
4.263239 8.372643
4.938203 9.377773
0.993265 8.951859
4.079451 8.920588
2.961936 9.839216
4.897092 9.669237
3.899142 9.737368
6.073559 8.830273
4.827977 8.401870
5.331865 8.284034
2.748960 9.412539
1.276332 9.933143
2.348012 7.925623
1.496238 6.128985
2.903341 9.091165
5.936338 8.987392
1.407498 9.774358
4.369176 8.723287
0.717226 7.444922
1.743003 7.059453
3.250774 9.079784
0.400203 9.737980
5.773504 9.627020
4.720505 9.629741
6.280205 9.704574
0.018726 9.821679
4.145137 9.227254
4.399285 8.991520
5.772813 9.729342
3.836079 9.907418
3.880794 9.729019
4.068414 9.403252
1.542660 8.187170
5.613277 9.774146
0.904273 8.754539
6.167664 9.379629
2.757572 7.969349
0.802963 7.116866
0.717716 9.254619
1.813875 9.035347
0.800262 9.465783
0.400999 9.950890
4.102692 7.410293
0.476149 8.253942
5.847712 9.351429
1.251238 9.286818
1.018596 7.814930
4.735405 6.935301
5.998722 9.242861
0.460775 9.727514
1.318392 7.790913
1.720421 8.940178
5.569372 9.330620
2.743094 8.567924
3.879776 9.440156
1.716940 9.278158
5.984557 9.363934
2.561021 9.762324
3.539945 9.499258
